(title "Spectral Analysis of Lift Convergence")
(labels "Frequency (Hz)" "Power Spectral Density")

((xy/key/label "cl")
6.1050061e-02	5.0174716e-08
1.2210012e-01	5.3583008e-08
1.8315019e-01	1.1117753e-07
2.4420024e-01	3.9432852e-08
3.0525032e-01	9.1662137e-08
3.6630037e-01	1.7832727e-08
4.2735043e-01	2.3180915e-08
4.8840049e-01	1.4717815e-08
5.4945058e-01	8.1182179e-08
6.1050063e-01	6.7811983e-09
6.7155069e-01	3.9001943e-08
7.3260075e-01	1.0142730e-08
7.9365081e-01	8.1232443e-08
8.5470086e-01	1.4839690e-08
9.1575092e-01	5.7839962e-08
9.7680098e-01	2.0965675e-08
1.0378511e+00	5.4230785e-08
1.0989012e+00	3.1656718e-08
1.1599512e+00	3.4463145e-08
1.2210013e+00	4.1076248e-08
1.2820513e+00	1.4416199e-08
1.3431014e+00	4.9505019e-08
1.4041514e+00	2.2638116e-09
1.4652015e+00	5.3661712e-08
1.5262516e+00	6.2459411e-09
1.5873016e+00	3.9781824e-08
1.6483517e+00	1.4735577e-08
1.7094017e+00	2.5691836e-08
1.7704518e+00	3.8071647e-08
1.8315018e+00	9.6729496e-09
1.8925519e+00	4.7235989e-08
1.9536020e+00	1.6920986e-09
2.0146520e+00	5.5157592e-08
2.0757022e+00	8.0655926e-09
2.1367521e+00	4.0675488e-08
2.1978023e+00	2.7558379e-08
2.2588522e+00	1.8976213e-08
2.3199024e+00	5.3561216e-08
2.3809524e+00	2.2221762e-09
2.4420025e+00	5.5591315e-08
2.5030525e+00	7.4214990e-09
2.5641026e+00	4.5047695e-08
2.6251526e+00	2.4299286e-08
2.6862028e+00	2.2096131e-08
2.7472527e+00	4.2929546e-08
2.8083029e+00	6.3293601e-09
2.8693528e+00	6.4378405e-08
2.9304030e+00	5.2817182e-09
2.9914529e+00	4.5958743e-08
3.0525031e+00	1.9144696e-08
3.1135530e+00	2.8379462e-08
3.1746032e+00	4.9596299e-08
3.2356532e+00	4.7430224e-09
3.2967033e+00	6.1229237e-08
3.3577533e+00	2.9844995e-09
3.4188035e+00	5.0696578e-08
3.4798534e+00	2.2944974e-08
3.5409036e+00	2.3981469e-08
3.6019535e+00	4.5584901e-08
3.6630037e+00	2.8969342e-09
3.7240536e+00	5.5769629e-08
3.7851038e+00	2.9599434e-09
3.8461537e+00	4.1134250e-08
3.9072039e+00	1.8833054e-08
3.9682539e+00	2.2230491e-08
4.0293040e+00	4.2924302e-08
4.0903540e+00	3.6024117e-09
4.1514044e+00	5.4945442e-08
4.2124543e+00	3.8773891e-09
4.2735043e+00	3.4588240e-08
4.3345542e+00	1.5879491e-08
4.3956046e+00	2.1329255e-08
4.4566545e+00	3.8626307e-08
4.5177045e+00	4.8691118e-09
4.5787544e+00	5.0624255e-08
4.6398048e+00	5.0078075e-09
4.7008548e+00	4.4660997e-08
4.7619047e+00	1.8966240e-08
4.8229547e+00	2.4188276e-08
4.8840051e+00	4.3294595e-08
4.9450550e+00	5.7639213e-09
5.0061049e+00	5.2407970e-08
5.0671549e+00	5.3915556e-09
5.1282053e+00	4.8684068e-08
5.1892552e+00	2.3846583e-08
5.2503052e+00	2.8915512e-08
5.3113551e+00	5.1355268e-08
5.3724055e+00	6.7630008e-09
5.4334555e+00	6.9999018e-08
5.4945054e+00	9.2665111e-09
5.5555553e+00	5.9272377e-08
5.6166058e+00	3.8012988e-08
5.6776557e+00	2.7451993e-08
5.7387056e+00	6.8934867e-08
5.7997556e+00	6.2082934e-09
5.8608060e+00	8.9015671e-08
5.9218559e+00	1.6765146e-08
5.9829059e+00	6.0853594e-08
6.0439563e+00	5.3454340e-08
6.1050062e+00	2.6421000e-08
6.1660562e+00	9.8542131e-08
6.2271061e+00	5.6115823e-09
6.2881565e+00	1.0946408e-07
6.3492064e+00	3.5387778e-08
6.4102564e+00	6.5607296e-08
6.4713063e+00	9.0756430e-08
6.5323567e+00	1.8891161e-08
6.5934067e+00	1.3415413e-07
6.6544566e+00	1.6163632e-08
6.7155066e+00	1.2287309e-07
6.7765570e+00	6.0636786e-08
6.8376069e+00	7.1223766e-08
6.8986568e+00	1.3689250e-07
6.9597068e+00	2.1109264e-08
7.0207572e+00	1.7721187e-07
7.0818071e+00	2.4429882e-08
7.1428571e+00	1.5781690e-07
7.2039070e+00	1.0763925e-07
7.2649574e+00	8.4575404e-08
7.3260074e+00	2.0909800e-07
7.3870573e+00	2.7890026e-08
7.4481072e+00	3.0289286e-07
7.5091577e+00	5.8927952e-08
7.5702076e+00	2.4490308e-07
7.6312575e+00	2.1263256e-07
7.6923075e+00	1.1238654e-07
7.7533579e+00	4.7833737e-07
7.8144078e+00	1.2418554e-08
7.8754578e+00	6.0074711e-07
7.9365077e+00	2.0154518e-07
7.9975581e+00	3.8590503e-07
8.0586081e+00	7.3453066e-07
8.1196585e+00	5.2450275e-08
8.1807079e+00	1.2538338e-06
8.2417583e+00	1.4944348e-07
8.3028088e+00	1.1475273e-06
8.3638582e+00	1.1465353e-06
8.4249086e+00	4.2408641e-07
8.4859581e+00	2.8644461e-06
8.5470085e+00	7.9500573e-08
8.6080589e+00	3.3836372e-06
8.6691084e+00	1.9665531e-06
8.7301588e+00	2.4877108e-06
8.7912092e+00	8.6180107e-06
8.8522587e+00	9.7010712e-08
8.9133091e+00	2.2536185e-05
8.9743586e+00	9.6812382e-06
9.0354090e+00	5.2425064e-05
9.0964594e+00	3.8525191e-04
9.1575089e+00	5.6183705e-04
9.2185593e+00	2.5258106e-04
9.2796097e+00	9.4046791e-06
9.3406591e+00	2.1387505e-05
9.4017096e+00	1.2996151e-05
9.4627590e+00	1.3120175e-06
9.5238094e+00	8.9755713e-06
9.5848598e+00	5.1361650e-07
9.6459093e+00	3.5594196e-06
9.7069597e+00	2.5356335e-06
9.7680101e+00	3.3431328e-07
9.8290596e+00	2.2715542e-06
9.8901100e+00	1.1616973e-07
9.9511595e+00	1.2090813e-06
1.0012210e+01	7.9339281e-07
1.0073260e+01	2.1302583e-07
1.0134310e+01	9.9578813e-07
1.0195360e+01	8.5678970e-08
1.0256411e+01	5.6526659e-07
1.0317460e+01	3.9146650e-07
1.0378510e+01	1.3651032e-07
1.0439561e+01	4.3820037e-07
1.0500610e+01	4.5407525e-08
1.0561661e+01	3.0840090e-07
1.0622710e+01	1.8305164e-07
1.0683761e+01	1.0361974e-07
1.0744811e+01	2.6123271e-07
1.0805861e+01	3.1174295e-08
1.0866911e+01	1.9000419e-07
1.0927961e+01	1.0455162e-07
1.0989011e+01	8.0092299e-08
1.1050061e+01	1.7690795e-07
1.1111111e+01	2.9545955e-08
1.1172161e+01	1.3787272e-07
1.1233212e+01	8.1030514e-08
1.1294261e+01	5.7878829e-08
1.1355311e+01	1.1498316e-07
1.1416362e+01	2.6820670e-08
1.1477411e+01	9.3184617e-08
1.1538462e+01	5.5831332e-08
1.1599511e+01	4.4427622e-08
1.1660562e+01	7.1922827e-08
1.1721612e+01	2.7721008e-08
1.1782661e+01	6.9612220e-08
1.1843712e+01	3.6867927e-08
1.1904762e+01	3.9770850e-08
1.1965812e+01	5.1150177e-08
1.2026862e+01	2.2718261e-08
1.2087913e+01	5.0299352e-08
1.2148962e+01	2.9540917e-08
1.2210012e+01	3.7066055e-08
1.2271062e+01	3.9857060e-08
1.2332112e+01	2.4911085e-08
1.2393163e+01	3.9505714e-08
1.2454212e+01	2.5345145e-08
1.2515263e+01	2.9262162e-08
1.2576313e+01	3.0207204e-08
1.2637362e+01	2.3901094e-08
1.2698413e+01	2.5423523e-08
1.2759462e+01	2.1378753e-08
1.2820513e+01	2.2915325e-08
1.2881563e+01	2.1675811e-08
1.2942613e+01	2.2737192e-08
1.3003663e+01	2.0289662e-08
1.3064713e+01	2.0544164e-08
1.3125763e+01	1.9606274e-08
1.3186813e+01	1.9544515e-08
1.3247863e+01	2.0736202e-08
1.3308913e+01	1.7901062e-08
1.3369964e+01	2.2422112e-08
1.3431013e+01	1.6332427e-08
1.3492064e+01	1.6781366e-08
1.3553114e+01	1.7713845e-08
1.3614163e+01	1.2923572e-08
1.3675214e+01	1.5875729e-08
1.3736263e+01	1.1673800e-08
1.3797314e+01	1.7399540e-08
1.3858364e+01	1.6331315e-08
1.3919414e+01	1.2780812e-08
1.3980464e+01	1.7857985e-08
1.4041514e+01	1.4603819e-08
1.4102564e+01	1.5337232e-08
1.4163614e+01	1.1611795e-08
1.4224665e+01	1.2405486e-08
1.4285714e+01	1.2721381e-08
1.4346765e+01	1.0231582e-08
1.4407814e+01	1.5558747e-08
1.4468864e+01	1.1702985e-08
1.4529915e+01	1.2869870e-08
1.4590964e+01	1.2223936e-08
1.4652015e+01	9.3703028e-09
1.4713065e+01	1.2348483e-08
1.4774115e+01	9.0934966e-09
1.4835165e+01	1.1557489e-08
1.4896214e+01	1.0912513e-08
1.4957265e+01	9.0595336e-09
1.5018315e+01	1.0775935e-08
1.5079365e+01	9.5191126e-09
1.5140415e+01	1.0408944e-08
1.5201466e+01	8.2121527e-09
1.5262515e+01	9.3268646e-09
1.5323565e+01	1.0848166e-08
1.5384615e+01	9.0296091e-09
1.5445665e+01	8.6633962e-09
1.5506716e+01	6.4315304e-09
1.5567765e+01	8.2032177e-09
1.5628816e+01	8.5901846e-09
1.5689866e+01	7.2843167e-09
1.5750916e+01	8.5836520e-09
1.5811966e+01	8.5055980e-09
1.5873015e+01	1.0141566e-08
1.5934066e+01	8.3178051e-09
1.5995116e+01	6.4315242e-09
1.6056166e+01	7.9175004e-09
1.6117216e+01	6.7082899e-09
1.6178267e+01	7.5384019e-09
1.6239317e+01	6.4914092e-09
1.6300365e+01	4.8740758e-09
1.6361416e+01	6.6833064e-09
1.6422466e+01	6.4401910e-09
1.6483517e+01	6.7443788e-09
1.6544567e+01	6.1258123e-09
1.6605618e+01	5.8066392e-09
1.6666666e+01	6.9925714e-09
1.6727716e+01	6.2705521e-09
1.6788767e+01	7.3402648e-09
1.6849817e+01	5.9706147e-09
1.6910868e+01	4.2626489e-09
1.6971916e+01	5.7755090e-09
1.7032967e+01	4.9571516e-09
1.7094017e+01	4.4873083e-09
1.7155067e+01	4.5571080e-09
1.7216118e+01	5.8877418e-09
1.7277166e+01	6.5455374e-09
1.7338217e+01	4.4415516e-09
1.7399267e+01	5.1161813e-09
1.7460318e+01	6.3740329e-09
1.7521368e+01	5.6594338e-09
1.7582418e+01	5.5085168e-09
1.7643467e+01	5.9198011e-09
1.7704517e+01	4.6343405e-09
1.7765568e+01	4.0079167e-09
1.7826618e+01	5.8194716e-09
1.7887669e+01	5.1696381e-09
1.7948717e+01	4.7514090e-09
1.8009768e+01	4.9778359e-09
1.8070818e+01	4.0236308e-09
1.8131868e+01	5.2397593e-09
1.8192919e+01	4.3512638e-09
1.8253969e+01	3.7551375e-09
1.8315018e+01	6.1239804e-09
1.8376068e+01	4.9186291e-09
1.8437119e+01	4.0796699e-09
1.8498169e+01	4.9102895e-09
1.8559219e+01	3.9371222e-09
1.8620268e+01	4.4452264e-09
1.8681318e+01	4.6454032e-09
1.8742369e+01	3.7253924e-09
1.8803419e+01	4.9219313e-09
1.8864470e+01	4.8188467e-09
1.8925518e+01	3.4277363e-09
1.8986568e+01	4.3084278e-09
1.9047619e+01	3.7335424e-09
1.9108669e+01	3.2434038e-09
1.9169720e+01	5.3086722e-09
1.9230770e+01	4.7935091e-09
1.9291819e+01	3.4855716e-09
1.9352869e+01	4.1493444e-09
1.9413919e+01	4.7043947e-09
1.9474970e+01	4.6142148e-09
1.9536020e+01	3.7824588e-09
1.9597069e+01	3.7406518e-09
1.9658119e+01	3.9767376e-09
1.9719170e+01	3.0189780e-09
1.9780220e+01	2.5665288e-09
1.9841270e+01	3.5134657e-09
1.9902319e+01	3.6481076e-09
1.9963369e+01	3.0575571e-09
2.0024420e+01	3.4315131e-09
2.0085470e+01	3.5534666e-09
2.0146521e+01	3.5725847e-09
2.0207571e+01	3.9267150e-09
2.0268620e+01	3.7790233e-09
2.0329670e+01	3.6430101e-09
2.0390720e+01	2.8832914e-09
2.0451771e+01	2.7687606e-09
2.0512821e+01	3.3634902e-09
2.0573870e+01	2.9320741e-09
2.0634920e+01	2.4497657e-09
2.0695971e+01	2.0087458e-09
2.0757021e+01	2.4905011e-09
2.0818071e+01	3.6277295e-09
2.0879122e+01	3.5073282e-09
2.0940170e+01	3.3629894e-09
2.1001221e+01	3.8410044e-09
2.1062271e+01	4.0076951e-09
2.1123322e+01	3.0994549e-09
2.1184372e+01	2.2274100e-09
2.1245420e+01	2.9903087e-09
2.1306471e+01	3.5242578e-09
2.1367521e+01	3.3303809e-09
2.1428572e+01	2.8138949e-09
2.1489622e+01	2.4852680e-09
2.1550671e+01	2.7434450e-09
2.1611721e+01	2.7915490e-09
2.1672771e+01	2.7007736e-09
2.1733822e+01	2.4224405e-09
2.1794872e+01	2.9685332e-09
2.1855923e+01	3.2338139e-09
2.1916971e+01	2.5256988e-09
2.1978022e+01	2.8306957e-09
2.2039072e+01	2.3983866e-09
2.2100122e+01	2.2859561e-09
2.2161173e+01	2.7788676e-09
2.2222221e+01	2.2153366e-09
2.2283272e+01	2.6927229e-09
2.2344322e+01	2.4838891e-09
2.2405373e+01	2.0514586e-09
2.2466423e+01	2.4104330e-09
2.2527473e+01	1.9889264e-09
2.2588522e+01	2.6792906e-09
2.2649572e+01	2.8787148e-09
2.2710623e+01	2.2924118e-09
2.2771673e+01	2.5152675e-09
2.2832724e+01	2.5770768e-09
2.2893772e+01	2.9744212e-09
2.2954823e+01	2.4064082e-09
2.3015873e+01	2.1330340e-09
2.3076923e+01	2.7659217e-09
2.3137974e+01	2.2703963e-09
2.3199022e+01	2.0484046e-09
2.3260073e+01	2.0570570e-09
2.3321123e+01	2.2839630e-09
2.3382174e+01	2.3533751e-09
2.3443224e+01	2.1152917e-09
2.3504274e+01	2.3762639e-09
2.3565323e+01	2.0285251e-09
2.3626373e+01	2.3577040e-09
2.3687424e+01	2.6058924e-09
2.3748474e+01	2.1172382e-09
2.3809525e+01	2.2979472e-09
2.3870573e+01	2.2440207e-09
2.3931623e+01	2.2080440e-09
2.3992674e+01	1.9102986e-09
2.4053724e+01	2.1327644e-09
2.4114775e+01	2.2426305e-09
2.4175825e+01	1.6067465e-09
2.4236874e+01	2.0709363e-09
2.4297924e+01	2.1350577e-09
2.4358974e+01	2.0053343e-09
2.4420025e+01	2.0625721e-09
2.4481075e+01	1.9301498e-09
2.4542124e+01	2.3547790e-09
2.4603174e+01	2.0556772e-09
2.4664225e+01	1.9158108e-09
2.4725275e+01	2.2211049e-09
2.4786325e+01	2.0168756e-09
2.4847374e+01	2.0378172e-09
2.4908424e+01	2.0737290e-09
2.4969475e+01	2.0219331e-09
2.5030525e+01	1.8553968e-09
2.5091576e+01	2.0525734e-09
2.5152626e+01	2.0311772e-09
2.5213675e+01	1.8850330e-09
2.5274725e+01	1.8484330e-09
2.5335775e+01	1.8440730e-09
2.5396826e+01	2.2304025e-09
2.5457876e+01	2.1598325e-09
2.5518925e+01	2.0469151e-09
2.5579975e+01	1.7275807e-09
2.5641026e+01	2.2491349e-09
2.5702076e+01	2.4442257e-09
2.5763126e+01	1.9710515e-09
2.5824175e+01	2.8054401e-09
2.5885225e+01	1.5465713e-09
2.5946276e+01	2.1075612e-09
2.6007326e+01	2.9149436e-09
2.6068377e+01	1.3999736e-09
2.6129427e+01	3.6059140e-09
2.6190475e+01	2.0515618e-09
2.6251526e+01	2.0566728e-09
2.6312576e+01	3.8426351e-09
2.6373627e+01	1.1617042e-09
2.6434677e+01	3.6631906e-09
2.6495726e+01	2.1952642e-09
2.6556776e+01	2.7538385e-09
2.6617826e+01	4.9169464e-09
2.6678877e+01	1.5217737e-09
2.6739927e+01	6.7187647e-09
2.6800978e+01	3.2420411e-09
2.6862026e+01	3.2128735e-09
2.6923077e+01	7.0040040e-09
2.6984127e+01	1.4157499e-09
2.7045177e+01	1.3941059e-08
2.7106228e+01	5.5902274e-09
2.7167276e+01	1.4834654e-08
2.7228327e+01	3.7427863e-08
2.7289377e+01	1.6901520e-09
2.7350428e+01	2.1056599e-07
2.7411478e+01	6.2850131e-07
2.7472527e+01	5.9307041e-07
2.7533577e+01	1.7867914e-07
2.7594627e+01	1.3051404e-09
2.7655678e+01	2.6927436e-08
2.7716728e+01	1.1513731e-08
2.7777779e+01	2.4004507e-09
2.7838827e+01	9.8805124e-09
2.7899878e+01	1.3113457e-09
2.7960928e+01	3.3738692e-09
2.8021978e+01	4.7745470e-09
2.8083029e+01	3.4626961e-11
2.8144077e+01	3.2179577e-09
2.8205128e+01	1.5978947e-09
2.8266178e+01	5.2069726e-10
2.8327229e+01	2.4742968e-09
2.8388279e+01	1.4475951e-10
2.8449329e+01	1.5052056e-09
2.8510378e+01	1.3343641e-09
2.8571428e+01	1.4251259e-10
2.8632479e+01	1.4840027e-09
2.8693529e+01	3.4203021e-10
2.8754580e+01	1.1765433e-09
2.8815628e+01	1.1598745e-09
2.8876678e+01	3.0623820e-10
2.8937729e+01	1.1998920e-09
2.8998779e+01	3.9325260e-10
2.9059830e+01	1.1525955e-09
2.9120878e+01	1.1472314e-09
2.9181929e+01	4.2760656e-10
2.9242979e+01	1.2804463e-09
2.9304029e+01	6.0055738e-10
2.9365080e+01	8.3818869e-10
2.9426130e+01	8.3730506e-10
2.9487179e+01	4.9627114e-10
2.9548229e+01	1.1420038e-09
2.9609280e+01	5.5244731e-10
2.9670330e+01	8.3078167e-10
2.9731380e+01	9.7511998e-10
2.9792429e+01	5.3021881e-10
2.9853479e+01	9.2773655e-10
2.9914530e+01	7.4371281e-10
2.9975580e+01	8.5326063e-10
3.0036631e+01	7.5771134e-10
3.0097681e+01	5.4285509e-10
3.0158730e+01	8.5867763e-10
3.0219780e+01	6.2773431e-10
3.0280830e+01	7.6955153e-10
3.0341881e+01	7.0481360e-10
3.0402931e+01	6.7917466e-10
3.0463980e+01	1.0798841e-09
3.0525030e+01	7.0915052e-10
3.0586081e+01	6.7182304e-10
3.0647131e+01	8.3383517e-10
3.0708181e+01	6.7668243e-10
3.0769230e+01	7.7472595e-10
3.0830280e+01	6.9295397e-10
3.0891331e+01	8.2550117e-10
3.0952381e+01	8.5536234e-10
3.1013432e+01	6.5162886e-10
3.1074482e+01	8.2174539e-10
3.1135530e+01	7.4438367e-10
3.1196581e+01	6.2518668e-10
3.1257631e+01	6.5355582e-10
3.1318682e+01	6.7893940e-10
3.1379732e+01	7.2057149e-10
3.1440781e+01	6.7573780e-10
3.1501831e+01	6.4332650e-10
3.1562881e+01	6.4182420e-10
3.1623932e+01	7.5139545e-10
3.1684982e+01	8.0969997e-10
3.1746031e+01	5.8809735e-10
3.1807081e+01	6.3283317e-10
3.1868132e+01	8.7370505e-10
3.1929182e+01	8.0764256e-10
3.1990232e+01	6.6372202e-10
3.2051281e+01	8.1865986e-10
3.2112331e+01	8.8032137e-10
3.2173382e+01	6.8704226e-10
3.2234432e+01	7.2950590e-10
3.2295483e+01	6.1659511e-10
3.2356533e+01	4.7043824e-10
3.2417583e+01	7.1713463e-10
3.2478634e+01	7.0210188e-10
3.2539684e+01	6.2204675e-10
3.2600731e+01	7.5900242e-10
3.2661781e+01	7.8641743e-10
3.2722832e+01	7.2979878e-10
3.2783882e+01	7.6357132e-10
3.2844933e+01	7.6390061e-10
3.2905983e+01	5.8905092e-10
3.2967033e+01	7.6905182e-10
3.3028084e+01	6.9009404e-10
3.3089134e+01	5.0326721e-10
3.3150185e+01	8.7335295e-10
3.3211235e+01	7.1384809e-10
3.3272282e+01	6.3169220e-10
3.3333332e+01	8.4278057e-10
3.3394382e+01	7.2962092e-10
3.3455433e+01	7.5902012e-10
3.3516483e+01	7.3160822e-10
3.3577534e+01	6.6723477e-10
3.3638584e+01	5.5542010e-10
3.3699635e+01	5.9202954e-10
3.3760685e+01	7.6074352e-10
3.3821735e+01	5.6989796e-10
3.3882782e+01	5.6941335e-10
3.3943832e+01	6.8384703e-10
3.4004883e+01	4.9760007e-10
3.4065933e+01	5.3737836e-10
3.4126984e+01	5.9902788e-10
3.4188034e+01	5.8850297e-10
3.4249084e+01	6.5370725e-10
3.4310135e+01	6.3317634e-10
3.4371185e+01	6.1770428e-10
3.4432236e+01	5.9504646e-10
3.4493286e+01	5.7919713e-10
3.4554333e+01	6.0340077e-10
3.4615383e+01	7.0842893e-10
3.4676434e+01	7.5714329e-10
3.4737484e+01	5.4960686e-10
3.4798534e+01	5.8713534e-10
3.4859585e+01	6.8423395e-10
3.4920635e+01	5.4138510e-10
3.4981686e+01	5.7301763e-10
3.5042736e+01	6.0421451e-10
3.5103786e+01	6.1303035e-10
3.5164837e+01	5.9609684e-10
3.5225883e+01	5.0051963e-10
3.5286934e+01	6.1763356e-10
3.5347984e+01	5.5315247e-10
3.5409035e+01	4.0296116e-10
3.5470085e+01	6.1717575e-10
3.5531136e+01	6.4940620e-10
3.5592186e+01	5.5496507e-10
3.5653236e+01	4.7467180e-10
3.5714287e+01	4.1841136e-10
3.5775337e+01	5.0921378e-10
3.5836388e+01	5.7271737e-10
3.5897434e+01	5.8471472e-10
3.5958485e+01	6.0255950e-10
3.6019535e+01	5.8955180e-10
3.6080585e+01	6.0378569e-10
3.6141636e+01	6.2696381e-10
3.6202686e+01	6.0730598e-10
3.6263737e+01	5.2612847e-10
3.6324787e+01	5.1677290e-10
3.6385838e+01	6.2563887e-10
3.6446888e+01	7.3386258e-10
3.6507938e+01	6.4532935e-10
3.6568985e+01	5.4967159e-10
3.6630035e+01	5.8936223e-10
3.6691086e+01	5.6407023e-10
3.6752136e+01	5.4629740e-10
3.6813187e+01	5.8425009e-10
3.6874237e+01	4.7844068e-10
3.6935287e+01	4.9197579e-10
3.6996338e+01	5.6989213e-10
3.7057388e+01	3.8333531e-10
3.7118439e+01	5.5289628e-10
3.7179485e+01	7.4208839e-10
3.7240536e+01	5.4859500e-10
3.7301586e+01	5.8041366e-10
3.7362637e+01	5.9810279e-10
3.7423687e+01	3.9422726e-10
3.7484737e+01	4.0042966e-10
3.7545788e+01	5.2626381e-10
3.7606838e+01	4.8530846e-10
3.7667889e+01	3.7800277e-10
3.7728939e+01	4.1374906e-10
3.7789989e+01	4.4144824e-10
3.7851036e+01	4.8071092e-10
3.7912086e+01	5.2846988e-10
3.7973137e+01	5.1161264e-10
3.8034187e+01	5.6562377e-10
3.8095238e+01	5.4426191e-10
3.8156288e+01	5.2514199e-10
3.8217339e+01	5.0625643e-10
3.8278389e+01	4.3768847e-10
3.8339439e+01	5.2515692e-10
3.8400490e+01	5.3823673e-10
3.8461540e+01	4.8311877e-10
3.8522587e+01	5.3260035e-10
3.8583637e+01	5.6353866e-10
3.8644688e+01	6.1374589e-10
3.8705738e+01	5.8903299e-10
3.8766788e+01	5.0794563e-10
3.8827839e+01	5.3137372e-10
3.8888889e+01	5.0684218e-10
3.8949940e+01	4.2247436e-10
3.9010990e+01	4.2253984e-10
3.9072041e+01	4.2256679e-10
3.9133091e+01	4.4313761e-10
3.9194138e+01	5.1092164e-10
3.9255188e+01	5.0152238e-10
3.9316238e+01	5.2052729e-10
3.9377289e+01	5.1441240e-10
3.9438339e+01	5.0316085e-10
3.9499390e+01	4.9423055e-10
3.9560440e+01	4.0446779e-10
3.9621490e+01	5.2861510e-10
3.9682541e+01	5.4083199e-10
3.9743591e+01	4.7082888e-10
3.9804638e+01	5.2228410e-10
3.9865688e+01	4.1340006e-10
3.9926739e+01	4.0824680e-10
3.9987789e+01	4.5206250e-10
4.0048840e+01	4.2313889e-10
4.0109890e+01	4.5283555e-10
4.0170940e+01	4.1997456e-10
4.0231991e+01	5.1645183e-10
4.0293041e+01	5.3374383e-10
4.0354092e+01	4.5270648e-10
4.0415142e+01	4.6260198e-10
4.0476189e+01	4.3322165e-10
4.0537239e+01	4.6292709e-10
4.0598289e+01	4.2691825e-10
4.0659340e+01	4.8094190e-10
4.0720390e+01	4.9947918e-10
4.0781441e+01	4.1084450e-10
4.0842491e+01	3.8076076e-10
4.0903542e+01	3.1392425e-10
4.0964592e+01	4.8319398e-10
4.1025642e+01	5.3787874e-10
4.1086693e+01	4.2942117e-10
4.1147739e+01	4.1079157e-10
4.1208790e+01	3.9020867e-10
4.1269840e+01	5.0000987e-10
4.1330891e+01	4.1790463e-10
4.1391941e+01	4.2116938e-10
4.1452991e+01	4.4125600e-10
4.1514042e+01	3.4357042e-10
4.1575092e+01	4.5999021e-10
4.1636143e+01	4.2922274e-10
4.1697193e+01	3.8958256e-10
4.1758244e+01	3.5716033e-10
4.1819290e+01	3.7951903e-10
4.1880341e+01	4.2825263e-10
4.1941391e+01	4.0796824e-10
4.2002441e+01	5.7873956e-10
4.2063492e+01	4.1562379e-10
4.2124542e+01	3.5333739e-10
4.2185593e+01	5.5447774e-10
4.2246643e+01	4.1860226e-10
4.2307693e+01	4.8311516e-10
4.2368744e+01	4.9205739e-10
4.2429794e+01	4.1718481e-10
4.2490841e+01	4.1434603e-10
4.2551891e+01	3.2449607e-10
4.2612942e+01	4.4314769e-10
4.2673992e+01	4.0158152e-10
4.2735043e+01	3.7960643e-10
4.2796093e+01	4.0569767e-10
4.2857143e+01	3.5760664e-10
4.2918194e+01	4.3701137e-10
4.2979244e+01	3.4702263e-10
4.3040295e+01	4.5152226e-10
4.3101341e+01	4.5245990e-10
4.3162392e+01	3.2622291e-10
4.3223442e+01	5.5158800e-10
4.3284492e+01	4.9019711e-10
4.3345543e+01	3.8739734e-10
4.3406593e+01	3.9206233e-10
4.3467644e+01	3.3575573e-10
4.3528694e+01	4.1935769e-10
4.3589745e+01	4.1759088e-10
4.3650795e+01	4.6960946e-10
4.3711845e+01	4.6423540e-10
4.3772892e+01	3.8665260e-10
4.3833942e+01	4.9717447e-10
4.3894993e+01	3.8522879e-10
4.3956043e+01	3.9036066e-10
4.4017094e+01	4.7158250e-10
4.4078144e+01	3.5260908e-10
4.4139194e+01	4.6651244e-10
4.4200245e+01	3.5341322e-10
4.4261295e+01	3.4577752e-10
4.4322346e+01	5.1305060e-10
4.4383396e+01	3.3459541e-10
4.4444443e+01	5.8952815e-10
4.4505493e+01	5.8546118e-10
4.4566544e+01	3.5513087e-10
4.4627594e+01	5.2269317e-10
4.4688644e+01	2.9224659e-10
4.4749695e+01	3.3116410e-10
4.4810745e+01	3.9930997e-10
4.4871796e+01	2.9311836e-10
4.4932846e+01	4.9628268e-10
4.4993896e+01	3.0137265e-10
4.5054947e+01	5.1992416e-10
4.5115993e+01	5.3825405e-10
4.5177044e+01	3.0904715e-10
4.5238094e+01	5.8604815e-10
4.5299145e+01	1.4552468e-10
4.5360195e+01	6.5541195e-10
4.5421246e+01	4.1564618e-10
4.5482296e+01	6.3107508e-10
4.5543346e+01	1.9539816e-09
4.5604397e+01	1.7110602e-10
4.5665447e+01	1.4774633e-08
4.5726494e+01	3.8472365e-08
4.5787544e+01	2.7286456e-08
4.5848595e+01	3.0177225e-09
4.5909645e+01	1.4402016e-09
4.5970695e+01	2.0244526e-09
4.6031746e+01	1.1591752e-10
4.6092796e+01	1.7414835e-09
4.6153847e+01	4.8010662e-10
4.6214897e+01	6.3730005e-10
4.6275948e+01	1.0627943e-09
4.6336998e+01	1.4458601e-10
4.6398045e+01	6.2705763e-10
4.6459095e+01	2.9183633e-10
4.6520145e+01	3.9868744e-10
4.6581196e+01	6.2893507e-10
4.6642246e+01	2.0887229e-10
4.6703297e+01	5.7802330e-10
4.6764347e+01	3.2479111e-10
4.6825397e+01	3.5668335e-10
4.6886448e+01	5.7151744e-10
4.6947498e+01	1.8725731e-10
4.7008549e+01	4.3825302e-10
4.7069595e+01	3.6854583e-10
4.7130646e+01	2.9929934e-10
4.7191696e+01	4.4342488e-10
4.7252747e+01	2.7278171e-10
4.7313797e+01	3.7334694e-10
4.7374847e+01	3.5869552e-10
4.7435898e+01	3.8797143e-10
4.7496948e+01	4.1726855e-10
4.7557999e+01	3.0937949e-10
4.7619049e+01	4.1125037e-10
4.7680099e+01	2.8671449e-10
4.7741146e+01	3.6570885e-10
4.7802197e+01	4.1919745e-10
4.7863247e+01	2.9681502e-10
4.7924297e+01	4.1801543e-10
4.7985348e+01	2.8414834e-10
4.8046398e+01	3.2263087e-10
4.8107449e+01	3.8412437e-10
4.8168499e+01	2.6984798e-10
4.8229549e+01	4.1831499e-10
4.8290600e+01	3.8477541e-10
4.8351650e+01	3.7678954e-10
4.8412697e+01	3.6488176e-10
4.8473747e+01	2.6466274e-10
4.8534798e+01	3.9698381e-10
4.8595848e+01	3.5870285e-10
4.8656898e+01	2.8275257e-10
4.8717949e+01	3.7032083e-10
4.8778999e+01	3.8690212e-10
4.8840050e+01	3.9004699e-10
4.8901100e+01	3.4944628e-10
4.8962151e+01	3.2369166e-10
4.9023197e+01	3.2444572e-10
4.9084248e+01	2.7897196e-10
4.9145298e+01	2.8709776e-10
4.9206348e+01	3.1998604e-10
4.9267399e+01	2.9850256e-10
4.9328449e+01	3.5412884e-10
4.9389500e+01	3.4494993e-10
4.9450550e+01	2.9759090e-10
4.9511600e+01	3.3967185e-10
4.9572651e+01	2.9698238e-10
4.9633701e+01	3.0046587e-10
4.9694748e+01	3.1563735e-10
4.9755798e+01	2.9194097e-10
4.9816849e+01	2.9245478e-10
4.9877899e+01	2.8060204e-10
4.9938950e+01	2.9680935e-10
5.0000000e+01	2.7826291e-10
5.0061050e+01	2.9780017e-10
5.0122101e+01	3.2304634e-10
5.0183151e+01	3.2209707e-10
5.0244202e+01	3.1720615e-10
5.0305252e+01	3.0650552e-10
5.0366299e+01	3.1626693e-10
5.0427349e+01	3.0160113e-10
5.0488400e+01	3.2199438e-10
5.0549450e+01	3.2966119e-10
5.0610500e+01	2.6758121e-10
5.0671551e+01	2.6889865e-10
5.0732601e+01	2.8739450e-10
5.0793652e+01	2.8700922e-10
5.0854702e+01	2.9881417e-10
5.0915752e+01	2.8514979e-10
5.0976803e+01	3.0984432e-10
5.1037849e+01	3.5132583e-10
5.1098900e+01	3.5300679e-10
5.1159950e+01	3.0635933e-10
5.1221001e+01	2.5601615e-10
5.1282051e+01	3.4186157e-10
5.1343102e+01	3.2666367e-10
5.1404152e+01	2.5991198e-10
5.1465202e+01	3.6240902e-10
5.1526253e+01	3.2248304e-10
5.1587303e+01	2.8415517e-10
5.1648350e+01	2.9913588e-10
5.1709400e+01	2.7529992e-10
5.1770451e+01	3.5562323e-10
5.1831501e+01	3.5125677e-10
5.1892551e+01	2.9223746e-10
5.1953602e+01	2.5725852e-10
5.2014652e+01	3.0668834e-10
5.2075703e+01	3.3962072e-10
5.2136753e+01	2.6329933e-10
5.2197803e+01	2.8318162e-10
5.2258854e+01	2.8002045e-10
5.2319901e+01	2.3363964e-10
5.2380951e+01	2.7986935e-10
5.2442001e+01	3.0518502e-10
5.2503052e+01	3.0639027e-10
5.2564102e+01	3.2306025e-10
5.2625153e+01	2.8353306e-10
5.2686203e+01	2.5015032e-10
5.2747253e+01	2.4006819e-10
5.2808304e+01	2.5751648e-10
5.2869354e+01	2.9679431e-10
5.2930405e+01	3.3402026e-10
5.2991451e+01	3.2402825e-10
5.3052502e+01	2.9201583e-10
5.3113552e+01	2.8085423e-10
5.3174603e+01	3.1637024e-10
5.3235653e+01	3.3895275e-10
5.3296703e+01	2.7462244e-10
5.3357754e+01	3.1024786e-10
5.3418804e+01	3.2483588e-10
5.3479855e+01	2.4037661e-10
5.3540905e+01	2.8363523e-10
5.3601955e+01	2.9610839e-10
5.3663002e+01	2.5810026e-10
5.3724052e+01	2.9233663e-10
5.3785103e+01	3.0467689e-10
5.3846153e+01	3.2293865e-10
5.3907204e+01	2.7506628e-10
5.3968254e+01	2.5020080e-10
5.4029305e+01	2.8756697e-10
5.4090355e+01	2.2895871e-10
5.4151405e+01	2.1484205e-10
5.4212456e+01	3.3913022e-10
5.4273506e+01	3.2630607e-10
5.4334553e+01	2.8378028e-10
5.4395603e+01	3.1560629e-10
5.4456654e+01	2.8601552e-10
5.4517704e+01	2.5256114e-10
5.4578754e+01	2.6873881e-10
5.4639805e+01	2.4538474e-10
5.4700855e+01	2.6569444e-10
5.4761906e+01	2.9817343e-10
5.4822956e+01	2.8012451e-10
5.4884007e+01	3.6217387e-10
5.4945053e+01	3.6087655e-10
5.5006104e+01	2.6021629e-10
5.5067154e+01	3.1065175e-10
5.5128204e+01	3.2914382e-10
5.5189255e+01	2.7459604e-10
5.5250305e+01	2.7733013e-10
5.5311356e+01	2.2772084e-10
5.5372406e+01	2.4598387e-10
5.5433456e+01	2.9781577e-10
5.5494507e+01	2.4877650e-10
5.5555557e+01	2.4737062e-10
5.5616604e+01	2.8374261e-10
5.5677654e+01	2.6527822e-10
5.5738705e+01	2.5804001e-10
5.5799755e+01	2.9474440e-10
5.5860806e+01	3.0832498e-10
5.5921856e+01	3.0456679e-10
5.5982906e+01	2.4404262e-10
5.6043957e+01	2.0312589e-10
5.6105007e+01	2.5704947e-10
5.6166058e+01	2.4036706e-10
5.6227108e+01	2.3258152e-10
5.6288155e+01	2.8264105e-10
5.6349205e+01	2.5696500e-10
5.6410255e+01	2.9455613e-10
5.6471306e+01	3.1477332e-10
5.6532356e+01	2.3243282e-10
5.6593407e+01	2.8417055e-10
5.6654457e+01	2.8853639e-10
5.6715508e+01	2.4199870e-10
5.6776558e+01	2.4399124e-10
5.6837608e+01	2.3105898e-10
5.6898659e+01	2.9050759e-10
5.6959705e+01	2.3305316e-10
5.7020756e+01	2.4031449e-10
5.7081806e+01	3.0434580e-10
5.7142857e+01	2.4488278e-10
5.7203907e+01	2.5148211e-10
5.7264957e+01	2.3886026e-10
5.7326008e+01	2.9047850e-10
5.7387058e+01	3.2037356e-10
5.7448109e+01	2.7151906e-10
5.7509159e+01	2.8120398e-10
5.7570206e+01	2.6824043e-10
5.7631256e+01	2.5985705e-10
5.7692307e+01	2.0108258e-10
5.7753357e+01	2.4427396e-10
5.7814407e+01	3.1156186e-10
5.7875458e+01	2.0202930e-10
5.7936508e+01	2.4609714e-10
5.7997559e+01	2.9647040e-10
5.8058609e+01	2.0460438e-10
5.8119659e+01	1.9330003e-10
5.8180710e+01	2.5465008e-10
5.8241756e+01	3.0539699e-10
5.8302807e+01	2.7348498e-10
5.8363857e+01	2.7111091e-10
5.8424908e+01	2.4589430e-10
5.8485958e+01	2.3428684e-10
5.8547009e+01	2.5061273e-10
5.8608059e+01	2.0033979e-10
5.8669109e+01	2.3870278e-10
5.8730160e+01	2.8067185e-10
5.8791210e+01	2.6754993e-10
5.8852261e+01	2.5872793e-10
5.8913307e+01	2.4284377e-10
5.8974358e+01	2.8682035e-10
5.9035408e+01	2.7591412e-10
5.9096458e+01	2.7673974e-10
5.9157509e+01	2.2502014e-10
5.9218559e+01	1.9400270e-10
5.9279610e+01	2.6915237e-10
5.9340660e+01	1.9815567e-10
5.9401711e+01	2.1538489e-10
5.9462761e+01	2.2625567e-10
5.9523811e+01	2.1564522e-10
5.9584858e+01	2.9922312e-10
5.9645908e+01	2.4181712e-10
5.9706959e+01	2.2527386e-10
5.9768009e+01	2.1049529e-10
5.9829060e+01	1.5545520e-10
5.9890110e+01	2.0949718e-10
5.9951160e+01	2.2133774e-10
6.0012211e+01	2.0711834e-10
6.0073261e+01	2.3325228e-10
6.0134312e+01	2.6965896e-10
6.0195362e+01	2.5190480e-10
6.0256409e+01	2.5081143e-10
6.0317459e+01	2.9310704e-10
6.0378510e+01	2.0941572e-10
6.0439560e+01	1.8049830e-10
6.0500610e+01	2.1903629e-10
6.0561661e+01	1.9887818e-10
6.0622711e+01	2.5861016e-10
6.0683762e+01	2.9512717e-10
6.0744812e+01	2.3765789e-10
6.0805862e+01	2.3597638e-10
6.0866909e+01	2.5304794e-10
6.0927959e+01	2.5237504e-10
6.0989010e+01	2.3134319e-10
6.1050060e+01	2.2234564e-10
6.1111111e+01	2.0773150e-10
6.1172161e+01	2.2617401e-10
6.1233212e+01	2.5597932e-10
6.1294262e+01	2.1502029e-10
6.1355312e+01	2.3221104e-10
6.1416363e+01	2.1660131e-10
6.1477413e+01	2.1330396e-10
6.1538460e+01	2.9238631e-10
6.1599510e+01	2.6098460e-10
6.1660561e+01	2.3567728e-10
6.1721611e+01	2.2869741e-10
6.1782661e+01	2.2070820e-10
6.1843712e+01	2.3384264e-10
6.1904762e+01	2.1026658e-10
6.1965813e+01	2.4135929e-10
6.2026863e+01	2.4477342e-10
6.2087914e+01	2.1509598e-10
6.2148964e+01	2.2815509e-10
6.2210011e+01	2.4756538e-10
6.2271061e+01	2.4633601e-10
6.2332111e+01	2.3935207e-10
6.2393162e+01	2.5631564e-10
6.2454212e+01	2.5364064e-10
6.2515263e+01	2.4026531e-10
6.2576313e+01	2.5233030e-10
6.2637363e+01	2.3980309e-10
6.2698414e+01	2.9871874e-10
6.2759464e+01	3.1881517e-10
6.2820515e+01	1.8342153e-10
6.2881561e+01	1.9136226e-10
6.2942612e+01	2.5418476e-10
6.3003662e+01	2.0978347e-10
6.3064713e+01	2.1776290e-10
6.3125763e+01	2.4169369e-10
6.3186813e+01	2.3360541e-10
6.3247864e+01	2.3494806e-10
6.3308914e+01	1.7558974e-10
6.3369965e+01	2.0253314e-10
6.3431015e+01	2.5132921e-10
6.3492062e+01	2.3067845e-10
6.3553112e+01	2.2669443e-10
6.3614162e+01	1.9801449e-10
6.3675213e+01	2.7957867e-10
6.3736263e+01	2.7571995e-10
6.3797314e+01	1.6864135e-10
6.3858364e+01	2.3541039e-10
6.3919415e+01	2.2212943e-10
6.3980465e+01	2.3847560e-10
6.4041512e+01	2.1628775e-10
6.4102562e+01	1.2015335e-10
6.4163612e+01	2.1009444e-10
6.4224663e+01	2.3179939e-10
6.4285713e+01	1.9853449e-10
6.4346764e+01	2.0307274e-10
6.4407814e+01	1.8558009e-10
6.4468864e+01	2.0426415e-10
6.4529915e+01	1.9894159e-10
6.4590965e+01	1.8869609e-10
6.4652016e+01	1.7571523e-10
6.4713066e+01	1.9470865e-10
6.4774117e+01	2.4241956e-10
6.4835167e+01	2.0464497e-10
6.4896217e+01	1.8303266e-10
6.4957268e+01	2.0410632e-10
6.5018318e+01	2.0991429e-10
6.5079369e+01	1.9214481e-10
6.5140411e+01	1.7622426e-10
6.5201462e+01	1.6422046e-10
6.5262512e+01	1.9346387e-10
6.5323563e+01	2.3484054e-10
6.5384613e+01	1.9987850e-10
6.5445663e+01	1.8013994e-10
6.5506714e+01	1.9814546e-10
6.5567764e+01	2.1374212e-10
6.5628815e+01	2.2135295e-10
6.5689865e+01	2.3920588e-10
6.5750916e+01	2.1058554e-10
6.5811966e+01	1.8624559e-10
6.5873016e+01	2.2073048e-10
6.5934067e+01	1.6372957e-10
6.5995117e+01	1.8485433e-10
6.6056168e+01	2.3796848e-10
6.6117218e+01	2.0681659e-10
6.6178268e+01	2.5992589e-10
6.6239319e+01	2.4159419e-10
6.6300369e+01	1.7095690e-10
6.6361420e+01	2.3568791e-10
6.6422470e+01	2.2413589e-10
6.6483513e+01	9.9268184e-11
6.6544563e+01	9.9042920e-11
6.6605614e+01	1.9919141e-10
6.6666664e+01	2.4797936e-10
6.6727715e+01	2.1593159e-10
6.6788765e+01	1.9282963e-10
6.6849815e+01	1.6914593e-10
6.6910866e+01	1.6918855e-10
6.6971916e+01	2.1466250e-10
6.7032967e+01	2.3155212e-10
6.7094017e+01	2.7709116e-10
6.7155067e+01	2.8674857e-10
6.7216118e+01	2.4637839e-10
6.7277168e+01	2.2335618e-10
6.7338219e+01	1.7433006e-10
6.7399269e+01	1.8741668e-10
6.7460320e+01	1.9826760e-10
6.7521370e+01	2.2785425e-10
6.7582420e+01	2.1079104e-10
6.7643471e+01	1.9824120e-10
6.7704521e+01	2.3629587e-10
6.7765564e+01	2.1900409e-10
6.7826614e+01	1.9274085e-10
6.7887665e+01	1.9610895e-10
6.7948715e+01	1.8143188e-10
6.8009766e+01	1.9303226e-10
6.8070816e+01	2.3323496e-10
6.8131866e+01	2.1442639e-10
6.8192917e+01	2.0530543e-10
6.8253967e+01	1.8655773e-10
6.8315018e+01	1.4245240e-10
6.8376068e+01	1.7066075e-10
6.8437119e+01	2.1315615e-10
6.8498169e+01	2.2558970e-10
6.8559219e+01	1.9690387e-10
6.8620270e+01	1.3404057e-10
6.8681320e+01	1.5228012e-10
6.8742371e+01	2.1875517e-10
6.8803421e+01	2.3955798e-10
6.8864471e+01	2.1173732e-10
6.8925522e+01	1.7604587e-10
6.8986572e+01	1.9862602e-10
6.9047623e+01	1.9285294e-10
6.9108665e+01	1.4142099e-10
6.9169716e+01	1.8465839e-10
6.9230766e+01	1.9664381e-10
6.9291817e+01	2.0536532e-10
6.9352867e+01	2.2942015e-10
6.9413918e+01	2.2347640e-10
6.9474968e+01	2.1700047e-10
6.9536018e+01	2.0662734e-10
6.9597069e+01	1.4599824e-10
6.9658119e+01	1.8219448e-10
6.9719170e+01	2.5550917e-10
6.9780220e+01	2.1840618e-10
6.9841270e+01	2.0656309e-10
6.9902321e+01	2.1289520e-10
6.9963371e+01	1.9919902e-10
7.0024422e+01	2.0439998e-10
7.0085472e+01	1.7951625e-10
7.0146523e+01	1.7802833e-10
7.0207573e+01	2.2921338e-10
7.0268623e+01	2.0788922e-10
7.0329674e+01	1.8013831e-10
7.0390724e+01	1.7870581e-10
7.0451767e+01	1.6146307e-10
7.0512817e+01	1.8404214e-10
7.0573868e+01	2.1185706e-10
7.0634918e+01	1.6905859e-10
7.0695969e+01	1.7123954e-10
7.0757019e+01	1.7566028e-10
7.0818069e+01	1.9316471e-10
7.0879120e+01	1.8345324e-10
7.0940170e+01	1.3436646e-10
7.1001221e+01	1.4765961e-10
7.1062271e+01	1.8298760e-10
7.1123322e+01	1.7677805e-10
7.1184372e+01	1.7251177e-10
7.1245422e+01	1.7214048e-10
7.1306473e+01	1.9308811e-10
7.1367523e+01	2.2147850e-10
7.1428574e+01	1.7879662e-10
7.1489624e+01	1.9519289e-10
7.1550674e+01	2.5195995e-10
7.1611725e+01	2.0920203e-10
7.1672775e+01	1.9146787e-10
7.1733818e+01	1.7688140e-10
7.1794868e+01	1.5813316e-10
7.1855919e+01	1.8182224e-10
7.1916969e+01	1.6694926e-10
7.1978020e+01	1.4468773e-10
7.2039070e+01	1.8078981e-10
7.2100121e+01	2.1004634e-10
7.2161171e+01	2.0029234e-10
7.2222221e+01	1.7358742e-10
7.2283272e+01	1.7100185e-10
7.2344322e+01	1.8400258e-10
7.2405373e+01	1.6055958e-10
7.2466423e+01	1.7182517e-10
7.2527473e+01	1.8479347e-10
7.2588524e+01	1.6670561e-10
7.2649574e+01	1.9083399e-10
7.2710625e+01	1.9738788e-10
7.2771675e+01	1.9085544e-10
7.2832726e+01	1.9729733e-10
7.2893776e+01	1.7580346e-10
7.2954826e+01	2.0022514e-10
7.3015877e+01	1.8164169e-10
7.3076920e+01	1.5659869e-10
7.3137970e+01	1.5957860e-10
7.3199020e+01	1.7056144e-10
7.3260071e+01	1.8202177e-10
7.3321121e+01	1.5916503e-10
7.3382172e+01	1.9226101e-10
7.3443222e+01	1.9293737e-10
7.3504272e+01	1.6132704e-10
7.3565323e+01	1.9905937e-10
7.3626373e+01	1.6104676e-10
7.3687424e+01	1.6562060e-10
7.3748474e+01	2.4139701e-10
7.3809525e+01	2.1259097e-10
7.3870575e+01	1.9139039e-10
7.3931625e+01	2.0062423e-10
7.3992676e+01	1.8658822e-10
7.4053726e+01	2.0987534e-10
7.4114777e+01	1.9201962e-10
7.4175827e+01	1.5155578e-10
7.4236877e+01	1.4172900e-10
7.4297928e+01	1.8334687e-10
7.4358971e+01	2.0002723e-10
7.4420021e+01	1.7560980e-10
7.4481071e+01	1.9084209e-10
7.4542122e+01	1.9503681e-10
7.4603172e+01	2.1831965e-10
7.4664223e+01	1.9482382e-10
7.4725273e+01	1.6532231e-10
7.4786324e+01	1.9339051e-10
7.4847374e+01	1.8511663e-10
7.4908424e+01	1.8472347e-10
7.4969475e+01	2.2138759e-10
7.5030525e+01	1.9123324e-10
7.5091576e+01	1.7799519e-10
7.5152626e+01	1.9340779e-10
7.5213676e+01	1.9068710e-10
7.5274727e+01	1.5693810e-10
7.5335777e+01	1.7941652e-10
7.5396828e+01	1.9586543e-10
7.5457878e+01	1.4495552e-10
7.5518929e+01	1.3093410e-10
7.5579979e+01	1.4732417e-10
7.5641029e+01	2.2184565e-10
7.5702072e+01	2.3926944e-10
7.5763123e+01	1.9526032e-10
7.5824173e+01	1.9735399e-10
7.5885223e+01	1.9985349e-10
7.5946274e+01	2.0901310e-10
7.6007324e+01	1.7626717e-10
7.6068375e+01	1.9060960e-10
7.6129425e+01	2.1063064e-10
7.6190475e+01	1.2950667e-10
7.6251526e+01	1.5530673e-10
7.6312576e+01	1.9218492e-10
7.6373627e+01	1.5346630e-10
7.6434677e+01	1.1803400e-10
7.6495728e+01	1.2786558e-10
7.6556778e+01	1.7561791e-10
7.6617828e+01	1.8965440e-10
7.6678879e+01	1.5907847e-10
7.6739929e+01	1.4259183e-10
7.6800980e+01	1.5634401e-10
7.6862030e+01	1.6338410e-10
7.6923080e+01	1.6009905e-10
7.6984123e+01	1.6568862e-10
7.7045174e+01	1.8572296e-10
7.7106224e+01	1.7941433e-10
7.7167274e+01	1.8554584e-10
7.7228325e+01	1.6823291e-10
7.7289375e+01	1.8903323e-10
7.7350426e+01	2.0125443e-10
7.7411476e+01	1.7949138e-10
7.7472527e+01	1.9204364e-10
7.7533577e+01	1.9553927e-10
7.7594627e+01	1.7768055e-10
7.7655678e+01	1.5785977e-10
7.7716728e+01	1.7668803e-10
7.7777779e+01	1.7076786e-10
7.7838829e+01	1.4902321e-10
7.7899879e+01	2.0483816e-10
7.7960930e+01	2.1167904e-10
7.8021980e+01	1.8558174e-10
7.8083031e+01	1.6875032e-10
7.8144081e+01	1.5128884e-10
7.8205132e+01	1.6352168e-10
7.8266182e+01	1.3998704e-10
7.8327225e+01	1.3960334e-10
7.8388275e+01	1.5527782e-10
7.8449326e+01	1.3273871e-10
7.8510376e+01	1.3458200e-10
7.8571426e+01	2.3147936e-10
7.8632477e+01	2.2529208e-10
7.8693527e+01	1.5170090e-10
7.8754578e+01	1.6878131e-10
7.8815628e+01	1.4502331e-10
7.8876678e+01	1.3003293e-10
7.8937729e+01	1.8761734e-10
7.8998779e+01	1.8339770e-10
7.9059830e+01	1.4372831e-10
7.9120880e+01	1.6457796e-10
7.9181931e+01	2.0148801e-10
7.9242981e+01	1.8787873e-10
7.9304031e+01	1.6893829e-10
7.9365082e+01	1.8378203e-10
7.9426132e+01	1.7083047e-10
7.9487183e+01	1.8546761e-10
7.9548233e+01	2.2459763e-10
7.9609276e+01	1.8315417e-10
7.9670326e+01	1.7886617e-10
7.9731377e+01	1.5281035e-10
7.9792427e+01	1.7472897e-10
7.9853477e+01	2.1621853e-10
7.9914528e+01	1.5858864e-10
7.9975578e+01	1.8844429e-10
8.0036629e+01	1.6073522e-10
8.0097679e+01	1.4182337e-10
8.0158730e+01	1.9404357e-10
8.0219780e+01	1.6593177e-10
8.0280830e+01	1.8039796e-10
8.0341881e+01	1.7916905e-10
8.0402931e+01	1.4594188e-10
8.0463982e+01	1.5430360e-10
8.0525032e+01	1.4919822e-10
8.0586082e+01	1.3778786e-10
8.0647133e+01	1.6005952e-10
8.0708183e+01	1.5080222e-10
8.0769234e+01	1.6681340e-10
8.0830284e+01	1.8036075e-10
8.0891335e+01	1.7361183e-10
8.0952377e+01	1.7983930e-10
8.1013428e+01	1.1995036e-10
8.1074478e+01	1.8320652e-10
8.1135529e+01	2.3732408e-10
8.1196579e+01	1.6780791e-10
8.1257629e+01	1.5376656e-10
8.1318680e+01	1.7754365e-10
8.1379730e+01	1.8029574e-10
8.1440781e+01	1.7148283e-10
8.1501831e+01	1.8460575e-10
8.1562881e+01	1.9405713e-10
8.1623932e+01	1.8510080e-10
8.1684982e+01	1.8121073e-10
8.1746033e+01	1.5910316e-10
8.1807083e+01	1.9271106e-10
8.1868134e+01	1.8418715e-10
8.1929184e+01	1.5132559e-10
8.1990234e+01	1.6505437e-10
8.2051285e+01	1.7527342e-10
8.2112335e+01	1.3857955e-10
8.2173386e+01	1.7592078e-10
8.2234436e+01	2.2702637e-10
8.2295479e+01	1.5832238e-10
8.2356529e+01	1.3739691e-10
8.2417580e+01	1.5991294e-10
8.2478630e+01	1.5578060e-10
8.2539680e+01	1.4821099e-10
8.2600731e+01	1.9985577e-10
8.2661781e+01	1.7886800e-10
8.2722832e+01	1.6334945e-10
8.2783882e+01	1.5716410e-10
8.2844933e+01	1.6669666e-10
8.2905983e+01	1.6473033e-10
8.2967033e+01	1.2175978e-10
8.3028084e+01	1.4638572e-10
8.3089134e+01	1.6213775e-10
8.3150185e+01	1.5135287e-10
8.3211235e+01	1.5417499e-10
8.3272285e+01	1.5987743e-10
8.3333336e+01	2.0622001e-10
8.3394386e+01	1.8656787e-10
8.3455437e+01	2.0104647e-10
8.3516487e+01	1.9318117e-10
8.3577530e+01	1.4806846e-10
8.3638580e+01	1.5049219e-10
8.3699631e+01	1.5755744e-10
8.3760681e+01	1.4000721e-10
8.3821732e+01	1.5646942e-10
8.3882782e+01	1.9125726e-10
8.3943832e+01	1.5729186e-10
8.4004883e+01	1.9647925e-10
8.4065933e+01	1.8834688e-10
8.4126984e+01	1.3978450e-10
8.4188034e+01	1.8514881e-10
8.4249084e+01	1.6591734e-10
8.4310135e+01	1.3185514e-10
8.4371185e+01	1.5149602e-10
8.4432236e+01	1.4121318e-10
8.4493286e+01	1.7156558e-10
8.4554337e+01	1.8223717e-10
8.4615387e+01	1.5318893e-10
8.4676437e+01	1.7740520e-10
8.4737488e+01	1.9719693e-10
8.4798538e+01	1.3384763e-10
8.4859589e+01	1.0959800e-10
8.4920631e+01	1.3575201e-10
8.4981682e+01	1.4843499e-10
8.5042732e+01	1.6882418e-10
8.5103783e+01	1.8089057e-10
8.5164833e+01	1.6882126e-10
8.5225883e+01	1.2803322e-10
8.5286934e+01	1.5495095e-10
8.5347984e+01	1.7642104e-10
8.5409035e+01	1.5892992e-10
8.5470085e+01	1.8090678e-10
8.5531136e+01	1.7596721e-10
8.5592186e+01	1.3727458e-10
8.5653236e+01	1.2718532e-10
8.5714287e+01	1.0490230e-10
8.5775337e+01	1.1165759e-10
8.5836388e+01	1.9753643e-10
8.5897438e+01	1.8669861e-10
8.5958488e+01	1.7666095e-10
8.6019539e+01	1.9376369e-10
8.6080589e+01	1.5246085e-10
8.6141640e+01	1.5334328e-10
8.6202682e+01	1.4979412e-10
8.6263733e+01	1.4845329e-10
8.6324783e+01	1.5041181e-10
8.6385834e+01	1.8917462e-10
8.6446884e+01	2.1341270e-10
8.6507935e+01	1.5099469e-10
8.6568985e+01	1.4925429e-10
8.6630035e+01	1.5084638e-10
8.6691086e+01	1.5094051e-10
8.6752136e+01	1.8868211e-10
8.6813187e+01	1.6363369e-10
8.6874237e+01	1.8079692e-10
8.6935287e+01	1.5836331e-10
8.6996338e+01	1.1385269e-10
8.7057388e+01	1.6693132e-10
8.7118439e+01	1.7158135e-10
8.7179489e+01	1.3234192e-10
8.7240540e+01	1.6085473e-10
8.7301590e+01	1.8226159e-10
8.7362640e+01	1.7759495e-10
8.7423691e+01	1.2556788e-10
8.7484741e+01	1.2464110e-10
8.7545784e+01	1.4776785e-10
8.7606834e+01	1.5333682e-10
8.7667885e+01	2.0286130e-10
8.7728935e+01	1.6762887e-10
8.7789986e+01	1.6096965e-10
8.7851036e+01	2.1282602e-10
8.7912086e+01	1.2818248e-10
8.7973137e+01	1.2889259e-10
8.8034187e+01	1.8570886e-10
8.8095238e+01	1.5364808e-10
8.8156288e+01	1.8696700e-10
8.8217339e+01	1.4637311e-10
8.8278389e+01	1.1346332e-10
8.8339439e+01	1.9022615e-10
8.8400490e+01	1.8057712e-10
8.8461540e+01	1.3265132e-10
8.8522591e+01	1.6233391e-10
8.8583641e+01	1.7110499e-10
8.8644691e+01	1.8070052e-10
8.8705742e+01	1.4300301e-10
8.8766792e+01	1.2420066e-10
8.8827835e+01	1.4669722e-10
8.8888885e+01	1.4065123e-10
8.8949936e+01	1.5593858e-10
8.9010986e+01	1.7268391e-10
8.9072037e+01	1.4568076e-10
8.9133087e+01	1.5463696e-10
8.9194138e+01	1.3772959e-10
8.9255188e+01	1.1819652e-10
8.9316238e+01	1.2049982e-10
8.9377289e+01	1.3909296e-10
8.9438339e+01	2.0691246e-10
8.9499390e+01	1.8202551e-10
8.9560440e+01	1.2389358e-10
8.9621490e+01	1.1287771e-10
8.9682541e+01	1.4348651e-10
8.9743591e+01	1.4518681e-10
8.9804642e+01	1.3296868e-10
8.9865692e+01	1.4523371e-10
8.9926743e+01	1.5764307e-10
8.9987793e+01	1.5094201e-10
9.0048843e+01	1.6554690e-10
9.0109894e+01	1.3568140e-10
9.0170937e+01	1.4083519e-10
9.0231987e+01	1.6302454e-10
9.0293037e+01	1.4990514e-10
9.0354088e+01	1.8512807e-10
9.0415138e+01	1.5625852e-10
9.0476189e+01	1.2264631e-10
9.0537239e+01	1.4939600e-10
9.0598289e+01	1.5481899e-10
9.0659340e+01	1.5447828e-10
9.0720390e+01	1.7176821e-10
9.0781441e+01	1.7684249e-10
9.0842491e+01	1.3422810e-10
9.0903542e+01	1.5595528e-10
9.0964592e+01	1.8661753e-10
9.1025642e+01	1.6203057e-10
9.1086693e+01	1.3950399e-10
9.1147743e+01	1.5237175e-10
9.1208794e+01	1.5132173e-10
9.1269844e+01	1.6782885e-10
9.1330894e+01	2.0302106e-10
9.1391945e+01	1.6125613e-10
9.1452988e+01	1.2300516e-10
9.1514038e+01	1.2481782e-10
9.1575089e+01	1.3395736e-10
9.1636139e+01	1.4374786e-10
9.1697189e+01	1.0788082e-10
9.1758240e+01	1.2488321e-10
9.1819290e+01	1.4429696e-10
9.1880341e+01	1.4449462e-10
9.1941391e+01	1.6888384e-10
9.2002441e+01	1.5570599e-10
9.2063492e+01	1.4208501e-10
9.2124542e+01	1.6233201e-10
9.2185593e+01	1.9681931e-10
9.2246643e+01	1.7528330e-10
9.2307693e+01	1.4349122e-10
9.2368744e+01	1.6646090e-10
9.2429794e+01	1.4648865e-10
9.2490845e+01	1.3578956e-10
9.2551895e+01	1.1641567e-10
9.2612946e+01	1.1713959e-10
9.2673996e+01	1.6339788e-10
9.2735046e+01	1.5032610e-10
9.2796089e+01	1.3882911e-10
9.2857140e+01	1.4824129e-10
9.2918190e+01	1.4582097e-10
9.2979240e+01	1.8547786e-10
9.3040291e+01	1.7082681e-10
9.3101341e+01	1.4317003e-10
9.3162392e+01	1.6139244e-10
9.3223442e+01	1.4178045e-10
9.3284492e+01	1.5825113e-10
9.3345543e+01	1.5876928e-10
9.3406593e+01	1.3205437e-10
9.3467644e+01	1.7656100e-10
9.3528694e+01	2.0312364e-10
9.3589745e+01	1.4696568e-10
9.3650795e+01	1.2855837e-10
9.3711845e+01	1.4710527e-10
9.3772896e+01	1.4993844e-10
9.3833946e+01	1.6405928e-10
9.3894997e+01	1.4851433e-10
9.3956047e+01	1.4677663e-10
9.4017097e+01	1.5631954e-10
9.4078148e+01	1.2612716e-10
9.4139191e+01	1.2775075e-10
9.4200241e+01	1.5266774e-10
9.4261292e+01	1.4287094e-10
9.4322342e+01	1.5945074e-10
9.4383392e+01	1.5731802e-10
9.4444443e+01	1.5657897e-10
9.4505493e+01	1.4371673e-10
9.4566544e+01	1.6399369e-10
9.4627594e+01	1.7824127e-10
9.4688644e+01	1.4877001e-10
9.4749695e+01	1.6575064e-10
9.4810745e+01	1.3773588e-10
9.4871796e+01	1.4262933e-10
9.4932846e+01	2.0717152e-10
9.4993896e+01	1.7524245e-10
9.5054947e+01	1.1190544e-10
9.5115997e+01	1.4195796e-10
9.5177048e+01	1.4371070e-10
9.5238098e+01	1.4775040e-10
9.5299149e+01	1.5391929e-10
9.5360199e+01	1.2689690e-10
9.5421242e+01	1.4373458e-10
9.5482292e+01	1.3306471e-10
9.5543343e+01	1.3431366e-10
9.5604393e+01	1.7863723e-10
9.5665443e+01	2.1599629e-10
9.5726494e+01	1.5991025e-10
9.5787544e+01	1.6873659e-10
9.5848595e+01	1.9240930e-10
9.5909645e+01	1.0859662e-10
9.5970695e+01	1.3354877e-10
9.6031746e+01	1.3575978e-10
9.6092796e+01	1.1681940e-10
9.6153847e+01	1.8832808e-10
9.6214897e+01	1.8014175e-10
9.6275948e+01	2.0209839e-10
9.6336998e+01	1.9168893e-10
9.6398048e+01	1.7115570e-10
9.6459099e+01	1.6996034e-10
9.6520149e+01	1.5948419e-10
9.6581200e+01	1.6740681e-10
9.6642250e+01	1.5631937e-10
9.6703300e+01	1.4656183e-10
9.6764343e+01	1.5738111e-10
9.6825394e+01	1.4253075e-10
9.6886444e+01	1.5473399e-10
9.6947495e+01	1.6714638e-10
9.7008545e+01	1.5084108e-10
9.7069595e+01	1.6779532e-10
9.7130646e+01	1.4035194e-10
9.7191696e+01	1.0251846e-10
9.7252747e+01	1.3889569e-10
9.7313797e+01	1.3743813e-10
9.7374847e+01	1.6077664e-10
9.7435898e+01	1.6647632e-10
9.7496948e+01	1.8516873e-10
9.7557999e+01	1.5216121e-10
9.7619049e+01	1.2387094e-10
9.7680099e+01	1.8528443e-10
9.7741150e+01	1.3552734e-10
9.7802200e+01	1.5528677e-10
9.7863251e+01	1.7427296e-10
9.7924301e+01	1.6435543e-10
9.7985352e+01	1.8087110e-10
9.8046394e+01	1.2769243e-10
9.8107445e+01	1.2823188e-10
9.8168495e+01	1.9473027e-10
9.8229546e+01	1.7211221e-10
9.8290596e+01	1.5803134e-10
9.8351646e+01	1.6058073e-10
9.8412697e+01	1.2654247e-10
9.8473747e+01	1.4663146e-10
9.8534798e+01	1.4968464e-10
9.8595848e+01	1.4700710e-10
9.8656898e+01	1.4550262e-10
9.8717949e+01	1.3576765e-10
9.8778999e+01	1.7392041e-10
9.8840050e+01	1.5012029e-10
9.8901100e+01	1.3354713e-10
9.8962151e+01	1.5691354e-10
9.9023201e+01	1.8392259e-10
9.9084251e+01	1.6813796e-10
9.9145302e+01	1.2207547e-10
9.9206352e+01	1.7579167e-10
9.9267403e+01	1.3770926e-10
9.9328453e+01	1.6123897e-10
9.9389496e+01	2.6687888e-10
9.9450546e+01	2.1182421e-10
9.9511597e+01	1.6329760e-10
9.9572647e+01	1.4593861e-10
9.9633698e+01	1.6685348e-10
9.9694748e+01	1.8771053e-10
9.9755798e+01	1.6299605e-10
9.9816849e+01	1.6838855e-10
9.9877899e+01	1.3410879e-10
9.9938950e+01	1.5722001e-10
1.0000000e+02	9.8549148e-11
)
